0,455
0,1
0,397
0,396
64,3
64,2
64,1
64,0
63,3
63,2
63,1
63,0
62,3
62,2
62,1
62,0
0,434
0,432
0,253
0,413
0,454
0,453
0,452
0,450
0,449
0,448
0,447
0,446
0,445
0,388
0,443
0,442
0,441
0,444
0,440
0,439
0,438
0,437
0,436
22,34
22,33
22,32
22,31
22,30
22,29
22,28
22,27
22,26
22,25
22,24
22,23
22,22
22,21
22,20
22,19
22,18
22,17
22,16
22,15
22,14
22,13
22,12
22,11
22,10
22,9
22,8
22,7
22,6
22,5
22,4
22,3
0,435
61,3
61,2
61,1
61,0
0,192
0,283
60,3
60,2
60,1
60,0
0,46
0,431
0,265
59,5
59,4
59,3
59,2
59,1
59,0
0,429
0,259
0,428
0,427
0,426
0,425
0,424
0,423
58,4
58,3
58,2
0,421
58,1
58,0
0,0
0,247
0,420
0,419
0,418
0,417
0,416
0,415
0,240
0,234
57,3
57,2
0,412
57,1
57,0
0,408
0,411
0,410
0,228
0,406
0,404
56,3
56,2
0,400
56,1
56,0
0,395
0,394
0,209
0,391
0,389
55,3
55,2
55,1
55,0
54,3
54,2
54,1
54,0
0,274
53,3
53,2
0,311
53,1
53,0
0,203
0,301
0,193
52,3
52,2
0,292
52,1
52,0
0,58
0,53
0,52
0,384
51,3
51,2
51,1
51,0
0,269
0,264
0,261
50,4
50,3
50,2
0,260
50,1
50,0
0,252
0,249
49,4
49,3
49,2
0,248
49,1
49,0
0,239
0,236
48,4
48,3
48,2
0,235
48,1
48,0
0,405
0,224
0,403
47,4
47,3
47,2
0,402
47,1
47,0
0,219
0,214
0,393
46,4
46,3
46,2
0,392
46,1
46,0
0,390
0,5
0,201
0,308
0,200
0,306
0,199
0,304
45,6
45,5
45,4
45,3
45,2
45,1
45,0
0,194
0,387
0,385
44,5
44,4
44,3
44,2
44,1
44,0
0,50
0,315
0,48
0,312
0,47
0,314
43,4
43,3
43,2
43,1
43,0
0,202
0,196
0,195
42,3
42,2
42,1
